---------------------------------
|  0.00 |  0.00 |  0.00 |  0.00 |
---------------------------------
|  0.05 |  0.17 |  0.17 |  0.00 |
---------------------------------
|  0.10 |  0.40 |  0.40 |  0.00 |
---------------------------------
|  0.15 |  0.70 |  0.70 | -0.00 |
---------------------------------
|  0.20 |  1.09 |  1.09 | -0.00 |
---------------------------------
|  0.25 |  1.63 |  1.63 |  0.00 |
---------------------------------
|  0.30 |  2.36 |  2.36 |  0.00 |
---------------------------------
|  0.35 |  3.38 |  3.38 |  0.00 |
---------------------------------
|  0.40 |  4.81 |  4.81 | -0.00 |
---------------------------------
|  0.45 |  6.90 |  6.90 |  0.00 |
---------------------------------
|  0.50 | 10.00 | 10.00 |  0.00 |
---------------------------------
2.22044604925e-016
